1 0 8 0
4 7 13 1
6 11 18 2
5 8 26 10
11 23 31 3
13 30 34 1
12 27 41 7
14 35 47 6
16 40 54 7
19 50 59 4
21 56 61 3
17 43 68 18
25 68 70 0
26 70 78 0
10 19 87 59
20 52 96 35
33 89 101 7
36 93 106 8
37 98 111 8
23 62 120 49
40 113 126 7
44 126 129 0
31 84 138 45
35 92 147 46
47 140 151 7
49 147 155 4
48 144 160 11
51 151 165 9
22 61 175 104
58 169 179 6
28 77 189 102
62 183 196 6
65 192 197 4
61 180 206 17
67 199 207 7
68 202 214 5
70 209 216 5
71 211 222 5
39 108 233 114
79 233 234 0
78 232 239 2
81 239 245 0
82 244 249 1
75 224 256 25
84 250 258 6
76 228 266 30
89 264 267 2
88 260 272 7
90 269 279 3
93 279 282 0
91 273 291 9
96 289 298 2
85 252 308 46
100 301 315 7
98 294 325 21
42 120 336 205
50 148 347 188
27 75 359 272
29 81 371 278
56 166 383 205
74 220 395 163
87 258 407 137
94 284 419 123
54 159 432 260
97 291 445 141
46 135 459 310
63 185 473 274
32 86 488 387
41 115 503 373
69 206 518 297
72 215 533 303
95 288 548 245
3 3 564 545
18 47 580 517
43 123 596 457
8 15 613 581
24 67 630 546
34 90 647 540
38 103 664 544
57 167 681 497
64 188 698 493
92 277 715 421
99 296 732 419
2 2 750 730
7 14 768 736
30 82 786 686
73 218 804 568
80 237 822 567
86 255 840 567
15 38 859 802
45 131 878 728
55 161 897 717
66 194 916 703
9 18 936 898
52 155 956 781
53 158 976 798
59 174 996 802
60 179 1016 817
77 229 1036 787
83 248 1056 788
